vbias	avd
-2.000000000000000e+000	1.830700e+002
-1.995000000000000e+000	1.837300e+002
-1.990000000000000e+000	1.843040e+002
-1.985000000000000e+000	1.848190e+002
-1.980000000000000e+000	1.852980e+002
-1.975000000000000e+000	1.857630e+002
-1.970000000000000e+000	1.862290e+002
-1.965000000000000e+000	1.867090e+002
-1.960000000000000e+000	1.872170e+002
-1.955000000000000e+000	1.877620e+002
-1.950000000000000e+000	1.883540e+002
-1.945000000000000e+000	1.890010e+002
-1.940000000000000e+000	1.897120e+002
-1.935000000000000e+000	1.904920e+002
-1.930000000000000e+000	1.913490e+002
-1.925000000000000e+000	1.922910e+002
-1.920000000000000e+000	1.933220e+002
-1.915000000000000e+000	1.944490e+002
-1.910000000000000e+000	1.956770e+002
-1.905000000000000e+000	1.970130e+002
-1.900000000000000e+000	1.984590e+002
-1.895000000000000e+000	2.000210e+002
-1.890000000000000e+000	2.017030e+002
-1.885000000000000e+000	2.035050e+002
-1.880000000000000e+000	2.054300e+002
-1.875000000000000e+000	2.074760e+002
-1.870000000000000e+000	2.096420e+002
-1.865000000000000e+000	2.119250e+002
-1.860000000000000e+000	2.143180e+002
-1.855000000000000e+000	2.168120e+002
-1.850000000000000e+000	2.193990e+002
-1.845000000000000e+000	2.220650e+002
-1.840000000000000e+000	2.247960e+002
-1.835000000000000e+000	2.275750e+002
-1.830000000000000e+000	2.303850e+002
-1.825000000000000e+000	2.332050e+002
-1.820000000000000e+000	2.360160e+002
-1.815000000000000e+000	2.387930e+002
-1.810000000000000e+000	2.415170e+002
-1.805000000000000e+000	2.441650e+002
-1.800000000000000e+000	2.467150e+002
-1.795000000000000e+000	2.491470e+002
-1.790000000000000e+000	2.514420e+002
-1.785000000000000e+000	2.535820e+002
-1.780000000000000e+000	2.555510e+002
-1.775000000000000e+000	2.573370e+002
-1.770000000000000e+000	2.589260e+002
-1.765000000000000e+000	2.603110e+002
-1.760000000000000e+000	2.614840e+002
-1.755000000000000e+000	2.624410e+002
-1.750000000000000e+000	2.631800e+002
-1.745000000000000e+000	2.636990e+002
-1.740000000000000e+000	2.640010e+002
-1.735000000000000e+000	2.640890e+002
-1.730000000000000e+000	2.639680e+002
-1.725000000000000e+000	2.636440e+002
-1.720000000000000e+000	2.631240e+002
-1.715000000000000e+000	2.624180e+002
-1.710000000000000e+000	2.615330e+002
-1.705000000000000e+000	2.604810e+002
-1.700000000000000e+000	2.592710e+002
-1.695000000000000e+000	2.579130e+002
-1.690000000000000e+000	2.564200e+002
-1.685000000000000e+000	2.548010e+002
-1.680000000000000e+000	2.530680e+002
-1.675000000000000e+000	2.512310e+002
-1.670000000000000e+000	2.493000e+002
-1.665000000000000e+000	2.472850e+002
-1.660000000000000e+000	2.451970e+002
-1.655000000000000e+000	2.430430e+002
-1.650000000000000e+000	2.408340e+002
-1.645000000000000e+000	2.385770e+002
-1.640000000000000e+000	2.362800e+002
-1.635000000000000e+000	2.339490e+002
-1.630000000000000e+000	2.315930e+002
-1.625000000000000e+000	2.292160e+002
-1.620000000000000e+000	2.268250e+002
-1.615000000000000e+000	2.244250e+002
-1.610000000000000e+000	2.220200e+002
-1.605000000000000e+000	2.196150e+002
-1.600000000000000e+000	2.172140e+002
